-0.00589339  -0.00157032  0.00551769  0.46268  0.069366  0.309042  
-0.00573642  -0.00192077  0.00551769  0.462752  -0.0327205  0.370999  
-0.00550428  -0.00162962  0.00551769  0.462662  0.0698322  0.313125  
-0.00509457  -0.00185959  0.0053474  0.439194  -0.0194012  0.326289  
-0.00477035  -0.00212924  0.00594925  0.462818  0.0798752  0.322397  
-0.00423027  -0.00185564  0.005556  0.43762  -0.0113074  0.365212  
-0.00331947  -0.00117737  0.00512365  0.392728  0.0330741  0.414001  
-0.00376983  -0.00118218  0.00517321  0.397071  0.0200114  0.363155  
-0.0039587  -0.0013733  0.0048853  0.365851  0.00231794  0.404688  
-0.0043081  -0.00142673  0.0048853  0.390164  0.00803447  0.355013  
-0.00509733  -0.00124541  0.00409296  0.321102  -0.0352225  0.392955  
-0.00464223  -0.00112452  0.00397661  0.319609  -0.00256307  0.360432  
-0.00607351  -0.00126976  0.00391346  0.297869  -0.0174656  0.329711  
-0.0051859  -0.00179879  0.0048133  0.345816  -0.0328165  0.253192  
-0.00485435  -0.00117622  0.00401341  0.303212  0.014048  0.265893  
-0.00416632  -0.00205306  0.00448364  0.331263  0.00518749  0.226998  
-0.00387641  -0.00172595  0.00465593  0.342196  0.0616706  0.258129  
-0.0037982  -0.00157715  0.00499501  0.318249  0.0259782  0.339362  
-0.00332666  -0.00155269  0.00476182  0.305957  0.00570745  0.245433  
-0.0037575  -0.00115786  0.00531487  0.353091  0.0361896  0.262313  
-0.00341913  -0.00154961  0.00545665  0.341698  -0.0251178  0.215171  
-0.00312776  -0.0015031  0.00510389  0.339866  0.0672263  0.179914  
-0.00286373  -0.00128237  0.00510389  0.302667  -0.0113085  0.233962  
-0.00343029  -0.00104703  0.00451871  0.302637  0.0631084  0.232319  
-0.00292785  -0.00144702  0.00450209  0.275778  0.00534858  0.237088  
-0.00372456  -0.0014975  0.00434158  0.270113  0.0618362  0.253915  
-0.00273409  -0.00153099  0.00480074  0.294085  -0.00195322  0.182749  
-0.00278835  -0.00120601  0.00484315  0.30909  0.0667908  0.169291  
-0.00228966  -0.00153285  0.00508076  0.305773  0.0368279  0.171782  
-0.00253522  -0.00154135  0.00499382  0.28693  0.0469039  0.237827  
-0.00209472  -0.00135856  0.00499382  0.298354  0.0575959  0.227922  
-0.00219694  -0.00170089  0.00470715  0.2741  0.0183186  0.285129  
-0.00247308  -0.00191425  0.00478261  0.295205  0.0683803  0.365643  
-0.00318626  -0.00212079  0.00438886  0.26796  0.0420135  0.387892  
-0.00288203  -0.00167022  0.00380612  0.218192  -0.00847543  0.457568  
-0.0027545  -0.00183549  0.00423149  0.245683  0.0126194  0.318453  
-0.00225543  -0.0019192  0.00487582  0.243029  0.00855635  0.398577  
-0.0027004  -0.00192596  0.00487582  0.267755  0.0307122  0.270216  
-0.0027054  -0.0021444  0.00392661  0.185308  -0.000444922  0.314088  
-0.00231303  -0.00185041  0.00387565  0.202498  0.0198688  0.211646  
-0.00312985  -0.00144319  0.00379462  0.190354  0.0261754  0.247606  
-0.00298311  -0.00162513  0.00369568  0.190424  -0.0316692  0.246647  
-0.00266141  -0.00145226  0.00356426  0.217669  0.0452757  0.286689  
-0.00298329  -0.00119471  0.00387565  0.217592  0.00728423  0.33699  
-0.00249601  -0.00173082  0.00402074  0.217538  -0.0219604  0.271766  
-0.00266349  -0.0011988  0.00431897  0.254414  0.0448061  0.221486  
-0.00209499  -0.00169343  0.00439852  0.249214  -0.0102565  0.263378  
-0.00240334  -0.00136901  0.00412119  0.261994  0.064406  0.239124  
-0.00228321  -0.00153228  0.00409304  0.223305  -0.0266379  0.339875  
-0.00340594  -0.00101169  0.00391858  0.244993  0.0501666  0.261629  
-0.00261835  -0.00175677  0.00347169  0.183626  -0.0155947  0.305881  
-0.00290821  -0.00149205  0.00370216  0.222047  0.0489107  0.18355  
-0.00280064  -0.00146393  0.00482438  0.197735  -0.00156358  0.176303  
-0.00225908  -0.00136733  0.00549999  0.23497  0.0398169  0.0435044  
-0.00328829  -0.00128957  0.00647372  0.266342  0.0198133  0.228008  
-0.00279765  -0.000221536  0.00615649  0.263004  0.0878829  0.135653  
-0.003187  -0.000748206  0.00556953  0.229952  0.0214616  0.253312  
-0.00304765  -0.000445909  0.00542954  0.248471  0.0928014  0.241434  
-0.00328853  -0.000576583  0.00509158  0.238788  0.0329259  0.340637  
-0.00365561  -0.00049526  0.0049481  0.229733  0.077723  0.341096  
-0.00324575  -0.000647672  0.00495237  0.234897  0.0131116  0.34298  
-0.00362821  -0.000337711  0.00492674  0.260801  0.0609127  0.3576  
-0.0031243  -0.000866031  0.00529319  0.26974  0.0141672  0.340934  
-0.00238186  -0.000681129  0.00514222  0.267615  0.0721869  0.367086  
0.000872132  0.000403188  -0.00182734  -0.260365  -0.0952219  -0.211278  
0.00383367  0.00088289  -0.0199041  -1.16185  -0.301571  -0.372111  
0.00205661  0.000254763  -0.0166311  -0.985584  -0.196714  -0.227362  
0.00131804  0.000186263  -0.0142348  -0.888269  -0.158827  -0.147354  
0.00112431  3.58776e-05  -0.011786  -0.715562  -0.102591  -0.17566  
0.000346681  0.00034181  -0.00957842  -0.582739  -0.0910843  -0.133316  
0.000719656  0.000673032  -0.00718758  -0.512203  -0.0776107  -0.169197  
0.000200595  0.000659192  -0.00610394  -0.438418  -0.0685361  -0.144666  
0.000670584  0.000853366  -0.00528908  -0.368708  -0.0738302  -0.205679  
0.000523272  0.000516189  -0.00503908  -0.397286  -0.0761931  -0.14419  
0.000730572  0.000276602  -0.00447648  -0.335718  -0.0325611  -0.200416  
0.000300681  0.000276602  -0.00448757  -0.33339  -0.0653308  -0.116337  
0.000926761  0.000276602  -0.00435016  -0.300052  -0.0176227  -0.161511  
0.0003913  0.000796097  -0.00460507  -0.315327  -0.0813369  -0.104918  
0.000131065  0.00082892  -0.00381064  -0.249552  -0.0268672  -0.166723  
0.000407573  0.000734906  -0.00314848  -0.221688  -0.0729137  -0.135514  
0.000439664  0.000734905  -0.00232001  -0.183144  0.013447  -0.159624  
0.00071298  0.000402905  -0.00300334  -0.218788  -0.056602  -0.09855  
0.00080722  0.000534011  -0.00300334  -0.230994  0.0273882  -0.0973856  
-0.000192441  0.000408662  -0.00241953  -0.165824  0.0231071  -0.064745  
0.000199942  0.000365714  -0.00277034  -0.165363  -0.00913303  -0.062266  
4.34135e-05  0.00083462  -0.00285158  -0.164286  0.032004  -0.094808  
0.000238613  0.0005842  -0.00197907  -0.124954  -0.0349856  -0.0480244  
0.000116894  0.000691654  -0.00170814  -0.10333  0.0464422  -0.0948414  
8.83474e-05  0.000541892  -0.000992066  -0.0748677  -0.0358282  -0.0497045  
-0.000183001  0.000326055  -0.000588398  -0.0228742  0.0466989  -0.0553082  
0.000101549  0.000193332  -0.000588398  -0.0312635  -0.0502496  -0.029559  
0.000230345  0.000376419  -0.00099718  -0.0397342  0.0289247  -0.0654678  
6.51143e-05  0.000107422  -0.00123576  -0.0599837  -0.0326707  -0.00370745  
0.00023384  0.000445309  -0.000981787  -0.0369148  0.0111534  -0.051677  
-4.40131e-06  0.000678133  -0.00135218  -0.0485348  -0.0232768  0.0164185  
0.00101968  0.000759159  -0.000448748  0.0504534  0.0138835  -0.047597  
0.000215604  0.000392174  0.000328289  0.0508194  -0.0399675  -0.0381772  
0.000193493  0.000289934  -4.37863e-05  0.0277621  0.0251027  -0.043761  
-0.000713978  3.26947e-06  -0.000658254  -0.0310239  -0.0408377  0.0509472  
-0.000463978  -0.000118596  -0.000335267  -0.0336808  -0.040069  0.0246796  
-0.000520744  0.000283195  -0.000658254  -0.0488498  -0.000417407  0.0113974  
-0.000779922  -1.80377e-05  -0.000930486  -0.0532728  -0.0598241  0.0757883  
-4.94411e-05  9.99401e-05  -0.000486659  -0.00199889  -0.0701633  -0.00603169  
-0.000492018  0.000270167  -0.000201819  -0.00961703  -0.0381359  0.0283255  
5.13133e-05  -0  -0.000141059  0.00544  -0.0604496  -0.0180114  
0  -0  0  0  0  0  
4.46032e-05  -7.15264e-05  -0.00017249  -0.0467376  -0.0611003  -0.00739946  
0.000262536  -0.000212392  0.000443835  0.020677  0.0625784  -0.00319357  
3.55197e-05  0.000430261  0.000217489  0.049946  0.033541  0.0144239  
-0.000857945  0.00068333  -0.000779844  -0.0166866  -0.000269854  0.0920036  
0.000192144  -0.000179947  -0.000779844  -0.0183366  -0.0441761  0.000498584  
-0.000323818  0.000326561  -0.00011856  0.0210969  0.019079  0.047357  
0.00050161  0.00051988  0.000195354  0.0447685  -0.0278349  -0.0217129  
0.000254652  0.000529206  0.000143015  0.0388972  0.0525827  0.00548452  
0.00058325  0.000441523  0.000143014  0.0323382  -0.0268374  -0.0225351  
0.000457664  0.000530033  -2.72754e-05  0.0378306  0.0605527  -0.0300866  
0.000489801  0.000417919  0.000252868  0.0323308  -0.0382251  -0.00523368  
0.000824842  0.000433105  0.000698931  0.0518179  0.0306459  -0.0484781  
0.000250264  0.000273139  0.000539015  0.0622113  0.04166  0.00258144  
0.000184959  0.000273139  0.000545014  0.0508468  -0.00188361  0.0144558  
0.000267785  0.000571508  0.000983493  0.0867167  0.00933976  -0.067367  
0.000528817  0.000490521  0.0010141  0.0709322  -0.0154188  -0.0747403  
0.000531071  0.000793319  0.00113899  0.136714  0.0272887  -0.147485  
0.000353825  0.000804592  0.00162757  0.135387  -0.0152306  -0.0435562  
0.00102184  0.000970072  0.00147466  0.152818  0.08241  -0.07068  
-0.000210293  0.00051207  0.00147466  0.135041  -0.0236233  0.0323291  
0.000289132  0.000720196  0.00105007  0.117931  0.0498079  -0.0302419  
0.000185703  0.000348069  0.00112756  0.115988  -0.0438836  0.015366  
-0.000383738  0.00103768  0.00147466  0.172565  0.0332239  -0.00348361  
0.000237002  0.000475067  0.00167973  0.164938  -0.0208099  0.0482987  
0.00016062  0.000935529  0.00217064  0.194869  0.0612858  0.0187087  
0.00030845  0.000697762  0.00215931  0.187109  -0.0142679  0.0821573  
0.00040284  0.00101326  0.00215931  0.178754  0.0358313  0.110652  
0.00025846  0.00081654  0.00210651  0.173766  -0.0155559  0.0989643  
0.000150679  0.000843997  0.00182904  0.17661  0.0535406  0.0782185  
-0.000669286  0.000903518  0.00163109  0.166394  -0.0197417  0.16276  
-0.000485578  0.00102812  0.00163109  0.18529  0.0481146  0.120114  
-0.000866141  0.00118734  0.00251151  0.200183  -0.0145764  0.133585  
-0.000448789  0.000475067  0.00204919  0.203191  0.0572779  0.0315498  
-6.37316e-05  0.000855406  0.00215159  0.203013  -0.000259117  0.0922744  
-0.000242799  0.000991828  0.00243617  0.223113  0.067153  0.0829228  
-0.00016731  0.000475067  0.00251151  0.207031  0.000818748  0.138443  
-0.000110216  0.000883906  0.00223474  0.216659  0.0813899  0.103417  
-0.000446124  0.000945446  0.00194377  0.197798  -0.00720775  0.166648  
-0.000391077  0.0011855  0.00171485  0.197787  0.0557791  0.113627  
-0.000999471  0.0012014  0.00206827  0.193785  -0.00201828  0.193495  
-0.00119904  0.00174221  0.00206827  0.213755  0.0358398  0.169155  
-0.000734961  0.0013751  0.0024733  0.23181  -0.00859675  0.202172  
-0.0011137  0.00174221  0.00261549  0.261713  0.0604922  0.135216  
-0.000709455  0.00131916  0.00252529  0.231749  -0.00707017  0.146764  
-0.0010601  0.0015423  0.00211672  0.214892  0.0598402  0.142299  
-0.000634177  0.000973519  0.00228626  0.203432  -0.0122079  0.141489  
-0.0011181  0.00125434  0.00210648  0.207125  0.0588754  0.130203  
-0.00107458  0.00115761  0.00208358  0.189018  -0.0225398  0.209519  
-0.000767655  0.000944148  0.00298606  0.293635  0.0364078  -0.176301  
-0.00221114  0.000977655  0.00391651  0.3097  0.0400555  0.0684855  
-0.00185037  0.0014738  0.00424235  0.353479  0.104887  0.062154  
-0.00177866  0.00121568  0.00434508  0.344749  0.0570056  0.15106  
-0.00234901  0.00148297  0.00378511  0.286025  0.0898375  0.15681  
-0.00249236  0.00138928  0.00269183  0.209433  0.025378  0.199063  
-0.00235167  0.00159496  0.00293249  0.267449  0.0921721  0.131089  
-0.00258256  0.00165518  0.00292796  0.263556  0.0514597  0.200615  
-0.002794  0.00143032  0.00268311  0.234479  0.00586321  0.260987  
-0.00231584  0.00222408  0.00249838  0.258018  0.0605561  0.194178  
-0.00259663  0.00236536  0.00277916  0.266618  0.00793345  0.21362  
-0.00182156  0.00213789  0.00376916  0.349499  0.0897511  0.089012  
-0.00183881  0.00228639  0.00405997  0.354639  0.0499915  0.167081  
-0.00200628  0.00218366  0.00428721  0.350987  0.0886626  0.148011  
-0.00232182  0.00215859  0.00410507  0.333001  0.0430626  0.226612  
-0.00160028  0.0017055  0.00363475  0.342777  0.0658669  0.174929  
-0.00122773  0.00178652  0.00314066  0.331882  0.0751345  0.127685  
-0.000977017  0.00227099  0.00330194  0.308166  0.0228548  0.0996393  
0.000285006  0.00269108  0.00422771  0.357939  0.103123  0.0145658  
-0.000319838  0.00286044  0.00492155  0.358011  0.0510485  0.0923182  
-0.000848346  0.00467801  0.00488071  0.298576  0.0800604  0.0988777  
-0.00453092  -0.000766284  -0.00419475  -0.235499  -0.232175  0.525018  
-0.00173013  0.00129012  -0.00193949  -0.0616185  -0.0381046  0.370917  
-0.00159856  0.00137259  -0.000926582  -0.00317951  -0.0526863  0.386313  
-0.00235559  0.00248575  -6.75033e-05  0.0858012  -0.0170995  0.295218  
-0.00258964  0.00221698  0.000180549  0.0721733  -0.0343081  0.244687  
-0.000327738  0.00277632  0.00186797  0.138169  0.043686  0.192023  
-0.00104319  0.00334078  0.00230859  0.187061  0.0702271  0.291371  
-0.000723814  0.00205407  0.00188792  0.138663  0.0332433  0.380541  
-0.000839986  0.00307331  0.00145848  0.121889  0.0746758  0.296314  
-0.000832328  0.00252937  0.00145848  0.0874799  0.00414727  0.351477  
-0.000386909  0.00235868  0.00145848  0.128838  0.101755  0.243554  
-0.000565755  0.00293529  0.00124152  0.0954436  0.0194412  0.300808  
-0.000358663  0.00295481  0.00152444  0.137149  0.0677755  0.180377  
-0.000885366  0.00299741  0.00234376  0.172715  0.0566578  0.246151  
-0.000448566  0.00288032  0.00277428  0.245541  0.0868629  0.148005  
-0.000206052  0.00295226  0.00298191  0.231256  0.0735236  0.220862  
0.00060671  0.00285823  0.00296405  0.245571  0.0918368  0.140976  
0.000181314  0.00294597  0.00280906  0.224552  0.0498777  0.247928  
-0.000560279  0.00300137  0.00294197  0.227577  0.0813216  0.232862  
-6.38653e-05  0.00272205  0.00294197  0.216909  0.0377634  0.257689  
-0.000321884  0.0030087  0.00251376  0.206509  0.106066  0.25414  
-0.000434664  0.00271348  0.00251376  0.180341  0.0298823  0.26492  
-0.000322105  0.0038119  0.00297384  0.242516  0.109089  0.257477  
-0.000372541  0.00337492  0.00367464  0.244578  0.0503333  0.266195  
-0.000524229  0.00363197  0.00317777  0.231388  0.124498  0.258754  
-0.000116329  0.00298972  0.00321155  0.222175  0.0470252  0.238535  
-0.000849858  0.00319766  0.00303694  0.231456  0.104452  0.273073  
-0.000520577  0.00273764  0.00251676  0.168474  0.0674479  0.394918  
-0.000342053  0.00254033  0.00292661  0.203166  0.0562864  0.342992  
-0.000539451  0.0020434  0.00313934  0.218916  0.0819289  0.372857  
-0.0005158  0.00286542  0.00305059  0.220957  0.0561507  0.25684  
-0.00195227  0.00248523  0.00389343  0.242781  0.0876376  0.0750228  
-0.0031212  0.0067842  0.00657011  0.49643  0.0563165  0.350349  
-0.00297442  0.00813831  0.00786701  0.533865  0.17686  0.317065  
-0.00207634  0.00836491  0.00944931  0.598345  0.183754  0.311569  
-0.00131885  0.00755225  0.0101615  0.622845  0.19897  0.278673  
